0 20 31 65 23 52 12 10 33 19 36 73 29 53 81 91 77 54 88 36
20 0 12 43 45 13 18 41 51 32 54 13 84 32 59 45 64 98 20 91
31 12 0 66 56 46 69 16 13 68 64 11 81 68 45 87 62 57 48 68
65 43 66 0 66 48 35 48 68 67 77 18 35 44 81 36 48 34 13 67
23 45 56 66 0 84 34 68 79 13 68 54 55 24 15 19 99 76 12 12
52 13 46 48 84 0 97 83 49 28 10 74 98 62 33 77 96 45 54 16
12 18 69 35 34 97 0 45 96 34 89 78 44 66 31 20 21 42 77 79
10 41 16 48 68 83 45 0 63 15 74 45 68 13 87 10 63 84 85 68
33 51 13 68 79 49 96 63 0 96 69 14 41 75 57 86 68 37 73 26
19 32 68 67 13 28 34 15 96 0 46 64 79 97 81 18 35 53 83 38
36 54 64 77 68 10 80 74 69 46 0 76 67 64 46 61 16 34 43 13
73 13 11 18 54 74 78 45 14 64 76 0 31 37 73 81 18 28 82 38
29 84 81 35 55 98 44 68 41 79 67 31 0 83 94 97 91 19 49 79
53 23 68 44 24 62 66 13 75 97 64 37 83 0 64 52 46 25 76 67
81 59 45 81 15 33 31 87 57 81 46 73 94 64 0 28 82 73 49 61
91 45 87 36 19 77 20 10 86 18 61 81 97 52 28 0 85 28 82 58
77 64 62 48 99 96 21 63 68 35 16 18 91 46 82 85 0 64 79 64
54 98 57 34 76 45 42 84 37 53 34 28 19 25 73 28 64 0 65 21
88 20 48 13 12 54 77 85 73 83 43 82 49 76 49 82 79 64 0 30
36 91 68 67 12 16 79 68 26 38 13 38 79 67 61 58 64 21 30 0